18
(
	(0 0 0)
	(0.05 0 0)
	(0.1 0 0)
	(0 0.05 0)
	(0.05 0.05 0)
	(0.1 0.05 0)
	(0 0.1 0)
	(0.05 0.1 0)
	(0.1 0.1 0)
	(0 0 0.01)
	(0.05 0 0.01)
	(0.1 0 0.01)
	(0 0.05 0.01)
	(0.05 0.05 0.01)
	(0.1 0.05 0.01)
	(0 0.1 0.01)
	(0.05 0.1 0.01)
	(0.1 0.1 0.01)
)
20
(
	4(1 4 13 10)
	4(3 12 13 4)
	4(4 13 14 5)
	4(4 7 16 13)
	4(6 15 16 7)
	4(7 16 17 8)
	4(0 9 12 3)
	4(3 12 15 6)
	4(2 5 14 11)
	4(5 8 17 14)
	4(0 1 10 9)
	4(1 2 11 10)
	4(0 3 4 1)
	4(3 6 7 4)
	4(1 4 5 2)
	4(4 7 8 5)
	4(9 10 13 12)
	4(12 13 16 15)
	4(10 11 14 13)
	4(13 14 17 16)
)
4
(
	6(0 1 6 10 12 16)
	6(2 8 11 14 18 0)
	6(3 4 7 13 17 1)
	6(5 9 15 19 2 3)
)
3
(
	movingWall
	2
	(
		4 5
	)
	fixedWalls
	6
	(
		6 7 8 9 10 11
	)
	frontAndBack
	8
	(
		12 13 14 15 16 17 18 19
	)
)
